23527439
(1, 2); 0.4: [23035010]
(1, 2); 0.15: [23030474]
(1, 2); 0.6: [23031426]
(1, 2); 0.1: [23028183]
(1, 2); 0.65: [23029648]
(1, 2); 1.0: [23004298]
(1, 2); 0.8: [23021215]
(1, 2); 0.2: [23032376]
(1, 2); 0.7: [23027296]
(1, 2); 0.95: [23008955]
(1, 2); 0.5: [23034066]
(1, 2); 0.05: [23025336]
(1, 2); 0.0: [23021793]
(1, 2); 0.3: [23034534]
(1, 2); 0.45: [23034775]
(1, 2); 0.75: [23024500]
(1, 2); 0.55: [23033003]
(1, 2); 0.9: [23013383]
(1, 2); 0.85: [23017578]
(1, 2); 0.25: [23033703]
(1, 2); 0.35: [23035000]
