6720954
(1, 2); 0.4: [6580622]
(1, 2); 0.15: [6579092]
(1, 2); 0.6: [6579570]
(1, 2); 0.1: [6578416]
(1, 2); 0.65: [6578956]
(1, 2); 1.0: [6571586]
(1, 2); 0.8: [6576389]
(1, 2); 0.2: [6579570]
(1, 2); 0.7: [6578179]
(1, 2); 0.95: [6572979]
(1, 2); 0.5: [6580353]
(1, 2); 0.05: [6577503]
(1, 2); 0.0: [6576525]
(1, 2); 0.3: [6580274]
(1, 2); 0.45: [6580567]
(1, 2); 0.75: [6577327]
(1, 2); 0.55: [6580085]
(1, 2); 0.9: [6574229]
(1, 2); 0.85: [6575331]
(1, 2); 0.25: [6579954]
(1, 2); 0.35: [6580552]
