6721353
(1, 2); 0.4: [6581227]
(1, 2); 0.15: [6579875]
(1, 2); 0.6: [6580032]
(1, 2); 0.1: [6579178]
(1, 2); 0.65: [6579564]
(1, 2); 1.0: [6572189]
(1, 2); 0.8: [6577143]
(1, 2); 0.2: [6580430]
(1, 2); 0.7: [6578898]
(1, 2); 0.95: [6573460]
(1, 2); 0.5: [6580885]
(1, 2); 0.05: [6578373]
(1, 2); 0.0: [6577377]
(1, 2); 0.3: [6581037]
(1, 2); 0.45: [6581136]
(1, 2); 0.75: [6578091]
(1, 2); 0.55: [6580525]
(1, 2); 0.9: [6574810]
(1, 2); 0.85: [6576044]
(1, 2); 0.25: [6580774]
(1, 2); 0.35: [6581158]
