6723560
(1, 2); 0.4: [6582553]
(1, 2); 0.15: [6581245]
(1, 2); 0.6: [6581397]
(1, 2); 0.1: [6580593]
(1, 2); 0.65: [6580763]
(1, 2); 1.0: [6573689]
(1, 2); 0.8: [6578423]
(1, 2); 0.2: [6581767]
(1, 2); 0.7: [6580151]
(1, 2); 0.95: [6575031]
(1, 2); 0.5: [6582233]
(1, 2); 0.05: [6579663]
(1, 2); 0.0: [6578639]
(1, 2); 0.3: [6582379]
(1, 2); 0.45: [6582521]
(1, 2); 0.75: [6579369]
(1, 2); 0.55: [6581873]
(1, 2); 0.9: [6576263]
(1, 2); 0.85: [6577483]
(1, 2); 0.25: [6582201]
(1, 2); 0.35: [6582577]
