23634531
(1, 2); 0.4: [23140004]
(1, 2); 0.15: [23135714]
(1, 2); 0.6: [23136131]
(1, 2); 0.1: [23133345]
(1, 2); 0.65: [23134144]
(1, 2); 1.0: [23108989]
(1, 2); 0.8: [23125706]
(1, 2); 0.2: [23137530]
(1, 2); 0.7: [23131675]
(1, 2); 0.95: [23113689]
(1, 2); 0.5: [23139065]
(1, 2); 0.05: [23130533]
(1, 2); 0.0: [23127153]
(1, 2); 0.3: [23139921]
(1, 2); 0.45: [23139767]
(1, 2); 0.75: [23128861]
(1, 2); 0.55: [23137851]
(1, 2); 0.9: [23118119]
(1, 2); 0.85: [23122273]
(1, 2); 0.25: [23138949]
(1, 2); 0.35: [23140043]
