11200584
(1, 2, 3); 0.7: [10972942, 10970025, 10966742, 10962788]
(1, 2, 3); 0.2: [11001948, 10999137, 10995941, 10992388, 10988354, 10983692, 10978295, 10972422, 10965725]
(1, 2, 3); 0.4: [10991084, 10988247, 10985141, 10981341, 10976944, 10972264, 10966824]
(1, 2, 3); 0.8: [10966372, 10963391, 10959932]
(1, 2, 3); 1.0: [10951906]
(1, 2, 3); 0.3: [10996602, 10993755, 10990548, 10986937, 10982780, 10978088, 10972689, 10966645]
(1, 2, 3); 0.0: [11011777, 11009145, 11006148, 11002620, 10998615, 10994202, 10989114, 10983173, 10976715, 10969248, 10960739]
(1, 2, 3); 0.1: [11006976, 11004327, 11001166, 10997618, 10993504, 10989034, 10983763, 10977846, 10971337, 10963703]
(1, 2, 3); 0.5: [10985463, 10982530, 10979239, 10975468, 10971138, 10966176]
(1, 2, 3); 0.6: [10979402, 10976428, 10973112, 10969201, 10964918]
(1, 2, 3); 0.9: [10959418, 10956342]
