16088476
(1, 2, 3); 0.75: [15771135, 15767426, 15763292, 15758964, 15753963]
(1, 2, 3); 0.625: [15782186, 15778839, 15775338, 15771618, 15767489, 15762922, 15758013]
(1, 2, 3); 0.375: [15799354, 15796955, 15794399, 15791505, 15788485, 15785111, 15781479, 15777568, 15773187, 15768363, 15763255]
(1, 2, 3); 0.3125: [15802905, 15800627, 15798156, 15795574, 15792700, 15789646, 15786188, 15782607, 15778619, 15774096, 15769260, 15764075]
(1, 2, 3); 0.5625: [15787079, 15784086, 15780783, 15777171, 15773558, 15769212, 15764647, 15759743]
(1, 2, 3); 0.9375: [15750778, 15746158]
(1, 2, 3); 0.25: [15806139, 15804095, 15801722, 15799289, 15796620, 15793652, 15790596, 15787277, 15783545, 15779523, 15774928, 15770087, 15764794]
(1, 2, 3); 0.8125: [15765073, 15760938, 15756569, 15751797]
(1, 2, 3); 0.6875: [15776775, 15773333, 15769543, 15765477, 15761054, 15756143]
(1, 2, 3); 1.0: [15742780]
(1, 2, 3); 0.1875: [15809136, 15807228, 15805103, 15802753, 15800315, 15797621, 15794671, 15791441, 15788144, 15784278, 15780187, 15775609, 15770576, 15765289]
(1, 2, 3); 0.0: [15816904, 15815285, 15813570, 15811737, 15809660, 15807407, 15805004, 15802490, 15799684, 15796640, 15793319, 15789724, 15785834, 15781384, 15776568, 15771524, 15766026]
(1, 2, 3); 0.0625: [15814482, 15812796, 15810892, 15809040, 15806781, 15804409, 15801857, 15799042, 15796128, 15792852, 15789347, 15785412, 15781087, 15776488, 15771435, 15765862]
(1, 2, 3); 0.5: [15791519, 15788829, 15785730, 15782414, 15778853, 15775147, 15770729, 15766160, 15761135]
(1, 2, 3); 0.125: [15811824, 15809994, 15808111, 15805939, 15803624, 15801107, 15798371, 15795409, 15792194, 15788754, 15784852, 15780638, 15776085, 15770989, 15765648]
(1, 2, 3); 0.875: [15758167, 15753692, 15749124]
(1, 2, 3); 0.4375: [15795601, 15793074, 15790356, 15787238, 15783876, 15780276, 15776428, 15771985, 15767316, 15762330]
