18857532
(1, 2, 3); 0.75: [18530212, 18504418, 18475079, 18440711, 18399941]
(1, 2, 3); 0.625: [18559923, 18538594, 18513571, 18484744, 18451143, 18411446, 18364348]
(1, 2, 3); 0.375: [18606419, 18590724, 18572801, 18552360, 18528362, 18500618, 18468156, 18430298, 18384887, 18331242, 18267293]
(1, 2, 3); 0.3125: [18615873, 18601293, 18584677, 18565723, 18543707, 18518103, 18488515, 18453719, 18412832, 18363833, 18305745, 18236514]
(1, 2, 3); 0.5625: [18573093, 18553316, 18530332, 18503723, 18473069, 18436995, 18394394, 18343553]
(1, 2, 3); 0.9375: [18474004, 18440987]
(1, 2, 3); 0.25: [18624648, 18611152, 18595767, 18578100, 18557941, 18534386, 18507157, 18475191, 18437983, 18393544, 18340738, 18277730, 18202217]
(1, 2, 3); 0.8125: [18512946, 18485241, 18453201, 18415173]
(1, 2, 3); 0.6875: [18545763, 18522235, 18495088, 18463825, 18426833, 18383031]
(1, 2, 3); 1.0: [18451449]
(1, 2, 3); 0.1875: [18632857, 18620307, 18605998, 18589617, 18570741, 18549180, 18523981, 18494650, 18460583, 18420209, 18372101, 18315096, 18246872, 18164710]
(1, 2, 3); 0.0: [18654269, 18643900, 18632313, 18619161, 18604177, 18586989, 18567252, 18544505, 18517952, 18486725, 18450482, 18407352, 18355899, 18294927, 18221900, 18133225, 18026132]
(1, 2, 3); 0.0625: [18647535, 18636592, 18624256, 18610101, 18593963, 18575392, 18554203, 18529264, 18500362, 18466604, 18426671, 18379319, 18323232, 18256243, 18174930, 18077083]
(1, 2, 3); 0.5: [18585070, 18566772, 18545816, 18521458, 18492979, 18460057, 18421446, 18375274, 18320666]
(1, 2, 3); 0.125: [18640560, 18628783, 18615405, 18600298, 18582817, 18562926, 18539786, 18512799, 18481388, 18444741, 18400925, 18348820, 18287004, 18212792, 18122872]
(1, 2, 3); 0.875: [18494370, 18464217, 18428807]
(1, 2, 3); 0.4375: [18596142, 18579338, 18559930, 18537609, 18511508, 18481303, 18445961, 18404118, 18354206, 18295143]
