6723244
(1, 2, 3); 0.75: [6598307, 6596910, 6595413, 6593866, 6592206]
(1, 2, 3); 0.625: [6602055, 6600724, 6599324, 6597803, 6596196, 6594503, 6592751]
(1, 2, 3); 0.375: [6608249, 6606969, 6605659, 6604324, 6602812, 6601274, 6599593, 6597730, 6595706, 6593585, 6591265]
(1, 2, 3); 0.3125: [6609530, 6608267, 6606973, 6605671, 6604189, 6602646, 6601001, 6599179, 6597228, 6595134, 6592810, 6590321]
(1, 2, 3); 0.5625: [6603715, 6602411, 6601038, 6599583, 6597957, 6596371, 6594557, 6592692]
(1, 2, 3); 0.9375: [6591453, 6589982]
(1, 2, 3); 0.25: [6610647, 6609422, 6608170, 6606876, 6605402, 6603904, 6602321, 6600524, 6598622, 6596526, 6594283, 6591802, 6589259]
(1, 2, 3); 0.8125: [6596214, 6594742, 6593266, 6591680]
(1, 2, 3); 0.6875: [6600218, 6598877, 6597456, 6595919, 6594306, 6592564]
(1, 2, 3); 1.0: [6588827]
(1, 2, 3); 0.1875: [6611742, 6610547, 6609285, 6608034, 6606568, 6605079, 6603465, 6601754, 6599845, 6597797, 6595571, 6593199, 6590675, 6588065]
(1, 2, 3); 0.0: [6614441, 6613270, 6612039, 6610842, 6609468, 6608045, 6606495, 6604875, 6603086, 6601136, 6599031, 6596717, 6594351, 6591843, 6589080, 6586036, 6582714]
(1, 2, 3); 0.0625: [6613606, 6612423, 6611190, 6609919, 6608536, 6607124, 6605522, 6603881, 6602077, 6600106, 6597964, 6595614, 6593184, 6590678, 6587814, 6584713]
(1, 2, 3); 0.5: [6605411, 6604101, 6602760, 6601353, 6599755, 6598145, 6596381, 6594469, 6592386]
(1, 2, 3); 0.125: [6612708, 6611555, 6610313, 6609044, 6607639, 6606172, 6604552, 6602903, 6601043, 6599012, 6596830, 6594479, 6591995, 6589433, 6586483]
(1, 2, 3); 0.875: [6593936, 6592517, 6591010]
(1, 2, 3); 0.4375: [6606935, 6605671, 6604334, 6602930, 6601364, 6599782, 6598023, 6596171, 6594174, 6591990]
