11303692
(1, 2, 3); 0.75: [11091349, 11090105, 11088728, 11087140, 11085432]
(1, 2, 3); 0.625: [11096680, 11095449, 11094197, 11092625, 11091000, 11089252, 11087254]
(1, 2, 3); 0.375: [11104892, 11103831, 11102577, 11101101, 11099505, 11097928, 11096081, 11094121, 11092083, 11089797, 11087202]
(1, 2, 3); 0.3125: [11106672, 11105544, 11104265, 11102835, 11101280, 11099654, 11097923, 11095937, 11093878, 11091638, 11089130, 11086354]
(1, 2, 3); 0.5625: [11098989, 11097833, 11096523, 11094968, 11093333, 11091598, 11089721, 11087642]
(1, 2, 3); 0.9375: [11081457, 11080087]
(1, 2, 3); 0.25: [11108125, 11107085, 11105842, 11104397, 11102880, 11101260, 11099549, 11097614, 11095595, 11093345, 11090873, 11088230, 11085198]
(1, 2, 3); 0.8125: [11088267, 11086955, 11085590, 11083965]
(1, 2, 3); 0.6875: [11094087, 11092871, 11091594, 11090049, 11088349, 11086500]
(1, 2, 3); 1.0: [11077679]
(1, 2, 3); 0.1875: [11109538, 11108486, 11107278, 11105852, 11104322, 11102709, 11101042, 11099144, 11097173, 11094929, 11092528, 11089871, 11086933, 11083730]
(1, 2, 3); 0.0: [11113143, 11112167, 11110945, 11109520, 11108077, 11106574, 11104900, 11103117, 11101053, 11098921, 11096580, 11094023, 11091258, 11088123, 11084774, 11081202, 11077220]
(1, 2, 3); 0.0625: [11112045, 11111029, 11109854, 11108456, 11106923, 11105430, 11103735, 11101915, 11099842, 11097770, 11095370, 11092789, 11089891, 11086762, 11083326, 11079785]
(1, 2, 3); 0.5: [11101080, 11099945, 11098672, 11097172, 11095580, 11093869, 11092003, 11089954, 11087816]
(1, 2, 3); 0.125: [11110780, 11109784, 11108601, 11107124, 11105669, 11104122, 11102418, 11100595, 11098528, 11096396, 11094017, 11091402, 11088455, 11085317, 11081846]
(1, 2, 3); 0.875: [11085069, 11083760, 11082274]
(1, 2, 3); 0.4375: [11103089, 11101963, 11100721, 11099189, 11097662, 11095934, 11094077, 11092047, 11089988, 11087665]
