706024
(1, 2, 3); 0.75: [691268, 691197, 691140, 691046, 690923]
(1, 2, 3); 0.625: [691788, 691741, 691668, 691578, 691447, 691356, 691246]
(1, 2, 3); 0.375: [692703, 692638, 692567, 692487, 692402, 692297, 692181, 692080, 691946, 691815, 691645]
(1, 2, 3); 0.3125: [692930, 692850, 692786, 692728, 692619, 692520, 692426, 692309, 692196, 692052, 691884, 691728]
(1, 2, 3); 0.5625: [692031, 691956, 691885, 691816, 691690, 691584, 691464, 691351]
(1, 2, 3); 0.9375: [690488, 690433]
(1, 2, 3); 0.25: [693143, 693054, 692999, 692940, 692860, 692745, 692648, 692538, 692410, 692274, 692127, 691950, 691792]
(1, 2, 3); 0.8125: [691029, 690958, 690868, 690777]
(1, 2, 3); 0.6875: [691533, 691468, 691405, 691323, 691193, 691127]
(1, 2, 3); 1.0: [690213]
(1, 2, 3); 0.1875: [693358, 693288, 693221, 693164, 693079, 692955, 692834, 692746, 692628, 692490, 692351, 692176, 692008, 691826]
(1, 2, 3); 0.0: [693972, 693905, 693846, 693776, 693688, 693572, 693461, 693335, 693233, 693113, 692972, 692813, 692663, 692466, 692265, 692059, 691812]
(1, 2, 3); 0.0625: [693780, 693711, 693651, 693571, 693493, 693385, 693281, 693163, 693061, 692921, 692789, 692620, 692460, 692255, 692062, 691836]
(1, 2, 3); 0.5: [692259, 692177, 692114, 692027, 691924, 691797, 691700, 691601, 691470]
(1, 2, 3); 0.125: [693562, 693509, 693447, 693364, 693271, 693180, 693079, 692964, 692856, 692718, 692563, 692403, 692227, 692032, 691835]
(1, 2, 3); 0.875: [690769, 690693, 690610]
(1, 2, 3); 0.4375: [692468, 692411, 692340, 692250, 692159, 692052, 691944, 691828, 691721, 691588]
