17015032
(1, 2, 3); 0.75: [16663834, 16661108, 16657942, 16654796, 16651211]
(1, 2, 3); 0.625: [16675989, 16673396, 16670447, 16667271, 16663762, 16659927, 16655836]
(1, 2, 3); 0.375: [16698589, 16696019, 16693149, 16690082, 16686837, 16683328, 16679316, 16674884, 16670093, 16664958, 16659513]
(1, 2, 3); 0.3125: [16703760, 16701259, 16698378, 16695310, 16692053, 16688568, 16684668, 16680459, 16675637, 16670539, 16665140, 16659283]
(1, 2, 3); 0.5625: [16681827, 16679317, 16676389, 16673181, 16669820, 16666092, 16661956, 16657588]
(1, 2, 3); 0.9375: [16644213, 16641336]
(1, 2, 3); 0.25: [16708832, 16706236, 16703532, 16700434, 16697222, 16693719, 16689911, 16685702, 16680956, 16676032, 16670697, 16664919, 16658567]
(1, 2, 3); 0.8125: [16657453, 16654746, 16651578, 16648344]
(1, 2, 3); 0.6875: [16669936, 16667291, 16664305, 16661124, 16657666, 16653809]
(1, 2, 3); 1.0: [16637273]
(1, 2, 3); 0.1875: [16713702, 16711206, 16708525, 16705438, 16702263, 16698763, 16694994, 16690856, 16686184, 16681239, 16676083, 16670314, 16664089, 16657050]
(1, 2, 3); 0.0: [16727790, 16725274, 16722714, 16719814, 16716532, 16713200, 16709482, 16705429, 16701104, 16696323, 16691225, 16685674, 16679736, 16673229, 16665862, 16657991, 16649600]
(1, 2, 3); 0.0625: [16723173, 16720641, 16718031, 16715174, 16711934, 16708421, 16704734, 16700774, 16696334, 16691487, 16686238, 16680622, 16674702, 16667962, 16660523, 16652664]
(1, 2, 3); 0.5: [16687576, 16684955, 16682125, 16678973, 16675750, 16672008, 16667915, 16663429, 16658681]
(1, 2, 3); 0.125: [16718428, 16716015, 16713391, 16710330, 16707149, 16703721, 16699918, 16695919, 16691356, 16686358, 16681207, 16675564, 16669447, 16662601, 16655167]
(1, 2, 3); 0.875: [16650983, 16648152, 16644974]
(1, 2, 3); 0.4375: [16693007, 16690546, 16687688, 16684633, 16681451, 16677658, 16673737, 16669251, 16664441, 16659398]
