10849308
(1, 2, 3); 0.75: [10845124, 10845071, 10845025, 10844978, 10844918]
(1, 2, 3); 0.625: [10845408, 10845357, 10845305, 10845259, 10845199, 10845139, 10845045]
(1, 2, 3); 0.375: [10845793, 10845739, 10845685, 10845637, 10845571, 10845512, 10845443, 10845383, 10845295, 10845184, 10845061]
(1, 2, 3); 0.3125: [10845835, 10845781, 10845741, 10845684, 10845621, 10845566, 10845503, 10845441, 10845349, 10845249, 10845132, 10844984]
(1, 2, 3); 0.5625: [10845509, 10845462, 10845399, 10845366, 10845310, 10845247, 10845173, 10845095]
(1, 2, 3); 0.9375: [10844469, 10844405]
(1, 2, 3); 0.25: [10845891, 10845840, 10845796, 10845750, 10845689, 10845631, 10845569, 10845511, 10845422, 10845325, 10845211, 10845069, 10844914]
(1, 2, 3); 0.8125: [10844950, 10844899, 10844858, 10844821]
(1, 2, 3); 0.6875: [10845285, 10845235, 10845189, 10845149, 10845081, 10845016]
(1, 2, 3); 1.0: [10844103]
(1, 2, 3); 0.1875: [10845947, 10845902, 10845857, 10845813, 10845756, 10845692, 10845633, 10845570, 10845477, 10845385, 10845273, 10845139, 10844987, 10844805]
(1, 2, 3); 0.0: [10846064, 10846021, 10845986, 10845937, 10845885, 10845825, 10845767, 10845706, 10845631, 10845533, 10845426, 10845285, 10845149, 10844973, 10844755, 10844452, 10844120]
(1, 2, 3); 0.0625: [10846044, 10845990, 10845958, 10845906, 10845858, 10845793, 10845739, 10845674, 10845594, 10845489, 10845382, 10845242, 10845107, 10844915, 10844694, 10844395]
(1, 2, 3); 0.5: [10845626, 10845581, 10845531, 10845483, 10845430, 10845357, 10845284, 10845210, 10845111]
(1, 2, 3); 0.125: [10845989, 10845954, 10845919, 10845873, 10845812, 10845759, 10845696, 10845632, 10845542, 10845447, 10845336, 10845207, 10845064, 10844874, 10844642]
(1, 2, 3); 0.875: [10844733, 10844688, 10844628]
(1, 2, 3); 0.4375: [10845727, 10845664, 10845612, 10845558, 10845504, 10845444, 10845365, 10845301, 10845204, 10845104]

 NO OTHER
(1, 2, 3); 0.75: [0, 0, 0, 0, 0]
(1, 2, 3); 0.625: [0, 0, 0, 0, 0, 0, 0]
(1, 2, 3); 0.375: [0, 0, 0, 0, 0, 0, 0, 0, 0, 0, 0]
(1, 2, 3); 0.3125: [0, 0, 0, 0, 0, 0, 0, 0, 0, 0, 0, 0]
(1, 2, 3); 0.5625: [0, 0, 0, 0, 0, 0, 0, 0]
(1, 2, 3); 0.9375: [0, 0]
(1, 2, 3); 0.25: [0, 0, 0, 0, 0, 0, 0, 0, 0, 0, 0, 0, 0]
(1, 2, 3); 0.8125: [0, 0, 0, 0]
(1, 2, 3); 0.6875: [0, 0, 0, 0, 0, 0]
(1, 2, 3); 1.0: [0]
(1, 2, 3); 0.1875: [0, 0, 0, 0, 0, 0, 0, 0, 0, 0, 0, 0, 0, 0]
(1, 2, 3); 0.0: [0, 0, 0, 0, 0, 0, 0, 0, 0, 0, 0, 0, 0, 0, 0, 0, 0]
(1, 2, 3); 0.0625: [0, 0, 0, 0, 0, 0, 0, 0, 0, 0, 0, 0, 0, 0, 0, 0]
(1, 2, 3); 0.5: [0, 0, 0, 0, 0, 0, 0, 0, 0]
(1, 2, 3); 0.125: [0, 0, 0, 0, 0, 0, 0, 0, 0, 0, 0, 0, 0, 0, 0]
(1, 2, 3); 0.875: [0, 0, 0]
(1, 2, 3); 0.4375: [0, 0, 0, 0, 0, 0, 0, 0, 0, 0]
