4967766
(1, 2, 3); 0.75: [4966186, 4966162, 4966144, 4966124, 4966104]
(1, 2, 3); 0.625: [4966201, 4966184, 4966165, 4966146, 4966123, 4966097, 4966065]
(1, 2, 3); 0.375: [4966247, 4966232, 4966208, 4966191, 4966167, 4966147, 4966120, 4966081, 4966045, 4966013, 4965965]
(1, 2, 3); 0.3125: [4966257, 4966235, 4966216, 4966198, 4966175, 4966155, 4966126, 4966095, 4966052, 4966022, 4965977, 4965906]
(1, 2, 3); 0.5625: [4966212, 4966196, 4966174, 4966153, 4966136, 4966108, 4966079, 4966051]
(1, 2, 3); 0.9375: [4966140, 4966128]
(1, 2, 3); 0.25: [4966263, 4966245, 4966227, 4966205, 4966184, 4966162, 4966138, 4966101, 4966066, 4966029, 4965982, 4965913, 4965853]
(1, 2, 3); 0.8125: [4966169, 4966149, 4966137, 4966116]
(1, 2, 3); 0.6875: [4966195, 4966174, 4966159, 4966135, 4966116, 4966088]
(1, 2, 3); 1.0: [4966131]
(1, 2, 3); 0.1875: [4966276, 4966257, 4966238, 4966223, 4966196, 4966172, 4966150, 4966115, 4966082, 4966040, 4965991, 4965928, 4965866, 4965795]
(1, 2, 3); 0.0: [4966307, 4966291, 4966270, 4966251, 4966227, 4966201, 4966180, 4966143, 4966105, 4966065, 4966017, 4965961, 4965897, 4965836, 4965739, 4965625, 4965453]
(1, 2, 3); 0.0625: [4966297, 4966278, 4966262, 4966241, 4966213, 4966196, 4966167, 4966135, 4966097, 4966053, 4966004, 4965949, 4965887, 4965826, 4965724, 4965616]
(1, 2, 3); 0.5: [4966222, 4966204, 4966180, 4966164, 4966141, 4966116, 4966095, 4966063, 4966022]
(1, 2, 3); 0.125: [4966289, 4966269, 4966251, 4966231, 4966205, 4966186, 4966156, 4966127, 4966093, 4966044, 4965997, 4965936, 4965877, 4965811, 4965717]
(1, 2, 3); 0.875: [4966162, 4966141, 4966124]
(1, 2, 3); 0.4375: [4966237, 4966220, 4966196, 4966177, 4966155, 4966130, 4966108, 4966072, 4966035, 4965997]
